
25 5 2 0.0846
25 5 3 0.0799
25 5 4 0.0773
25 5 5 0.0763
25 5 6 0.0757
25 5 7 0.0758
25 5 8 0.0763
25 5 9 0.0769
25 5 10 0.0776
30 4 1 0.0933
30 4 2 0.0847
30 4 3 0.0801
30 4 4 0.0776
30 4 5 0.0764
30 4 6 0.0762
30 4 7 0.0765
30 4 8 0.0772
30 4 10 1 0.0822
30 4 10 2 0.0805
30 4 10 3 0.0791
30 4 10 4 0.078
30 4 10 5 0.0772
30 4 10 6 0.0769
30 4 10 7 0.0769
30 4 10 8 0.0769
25 5 10 1 0.0813
25 5 10 2 0.0792
25 5 10 3 0.0776
25 5 10 4 0.0768
25 5 10 5 0.0764
25 5 10 6 0.0764
25 5 10 7 0.0766
25 5 6 1 0.0765
25 5 6 2 0.0757
25 5 6 3 0.0757
25 5 6 4 0.0763
25 5 6 5 0.0769
25 5 6 3 1 0.0742
25 5 6 3 2 0.0746
25 5 6 3 3 0.0757
25 5 6 3 1 0.0742
25 5 6 3 1 1 0.0831
25 5 6 3 1 2 0.0779
25 5 6 3 1 3 0.0758
25 5 6 3 1 4 0.0748
25 5 6 3 1 5 0.0742
25 5 6 3 1 6 0.0739
25 5 6 3 1 7 0.0737
25 5 6 3 1 8 0.0736
25 5 6 3 1 9 0.0736
25 5 6 3 1 10 0.0735
25 5 6 3 1 11 0.0735
25 5 6 3 1 12 0.0734
25 5 6 3 1 13 0.0734
25 5 6 3 1 14 0.0734
25 5 6 3 1 15 0.0734
25 5 6 3 1 16 0.0734
25 5 6 3 1 7 0.0737
25 5 6 3 1 7 0.072
25 5 6 3 1 7 0.0745
25 5 6 3 1 7 0.0653
25 5 6 3 1 7 0.0644
25 5 6 3 1 7 0.0493
25 5 6 3 1 7 0.0737
25 5 6 3 1 7 0.0737
25 5 6 3 1 7 0.0727
25 5 6 3 1 7 0.7567
25 5 6 3 1 7 0.7567
25 5 6 3 1 7 0.6902
25 5 6 3 1 7 0.6902
25 5 6 3 1 7 0.7969
25 5 6 3 1 7 0.5814
25 5 6 3 1 7 nan
25 5 6 3 1 7 0.7969
25 5 6 3 1 7 0.3751
25 5 6 3 1 7 0.2731
25 5 6 3 1 7 0.2731
1 5 6 3 1 7 0.3213
2 5 6 3 1 7 0.3175
3 5 6 3 1 7 0.3135
4 5 6 3 1 7 0.3106
5 5 6 3 1 7 0.3075
6 5 6 3 1 7 0.3044
7 5 6 3 1 7 0.3009
8 5 6 3 1 7 0.2975
9 5 6 3 1 7 0.2949
10 5 6 3 1 7 0.2924
11 5 6 3 1 7 0.2896
12 5 6 3 1 7 0.2866
13 5 6 3 1 7 0.2842
14 5 6 3 1 7 0.2818
15 5 6 3 1 7 0.2798
16 5 6 3 1 7 0.2781
40 5 6 3 1 7 0.2783
17 5 6 3 1 7 0.2763
18 5 6 3 1 7 0.2755
19 5 6 3 1 7 0.2753
20 5 6 3 1 7 0.2744
21 5 6 3 1 7 0.2741
22 5 6 3 1 7 0.2736
23 5 6 3 1 7 0.2733
24 5 6 3 1 7 0.2731
25 5 6 3 1 7 0.2731
26 5 6 3 1 7 0.273
27 5 6 3 1 7 0.2733
28 5 6 3 1 7 0.2737
26 1 6 3 1 7 0.3035
26 2 6 3 1 7 0.2868
26 3 6 3 1 7 0.2783
26 4 6 3 1 7 0.2748
26 5 6 3 1 7 0.273
26 6 6 3 1 7 0.2723
26 7 6 3 1 7 0.2723
26 8 6 3 1 7 0.2727
26 9 6 3 1 7 0.2739
26 6 6 3 1 7 0.2723
26 6 7 3 1 7 0.2677
26 6 8 3 1 7 0.2643
26 6 9 3 1 7 0.2619
26 6 10 3 1 7 0.2598
26 6 11 3 1 7 0.2582
26 6 12 3 1 7 0.2566
26 6 13 3 1 7 0.2554
26 6 14 3 1 7 0.2544
26 6 15 3 1 7 0.2537
26 6 16 3 1 7 0.2535
26 6 17 3 1 7 0.2534
26 6 18 3 1 7 0.2533
26 6 19 3 1 7 0.2532
26 6 20 3 1 7 0.2533
26 6 21 3 1 7 0.2532
26 6 22 3 1 7 0.2533
26 6 23 3 1 7 0.2532
26 6 18 3 2 7 0.2528
26 6 18 3 3 7 0.2539
26 6 18 2 2 7 0.2536
26 6 18 3 2 7 0.2528
26 6 18 4 2 7 0.2527
26 6 18 5 2 7 0.2533
26 6 18 6 2 7 0.2542
26 6 18 7 2 7 0.2547
26 6 18 4 2 6 0.2527
26 6 18 4 2 7 0.2527
26 6 18 4 2 8 0.253
26 6 18 4 2 2 0.2598
26 6 18 4 2 3 0.255
26 6 18 4 2 4 0.2535
26 6 18 4 2 7 nan
26 6 18 4 2 7 nan
26 6 18 4 2 7 nan
26 6 18 4 2 7 nan
26 6 18 4 2 7 nan
26 6 18 4 2 7 0.406
26 6 18 4 2 7 0.4206
26 6 18 4 2 7 0.4206
26 6 18 4 2 7 0.1127
26 6 18 4 2 7 0.0818
25 5 6 3 1 7 0.0642
20 5 6 3 1 7 0.0615
21 5 6 3 1 7 0.0619
11 5 6 3 1 7 0.0642
12 5 6 3 1 7 0.0634
13 5 6 3 1 7 0.0629
14 5 6 3 1 7 0.0625
15 5 6 3 1 7 0.062
16 5 6 3 1 7 0.0617
17 5 6 3 1 7 0.0616
18 5 6 3 1 7 0.0615
19 5 6 3 1 7 0.0613
19 2 6 3 1 7 0.0705
19 3 6 3 1 7 0.0657
19 4 6 3 1 7 0.0626
19 5 6 3 1 7 0.0613
19 6 6 3 1 7 0.0605
19 7 6 3 1 7 0.0606
19 8 6 3 1 7 0.061
19 9 6 3 1 7 0.0616
19 6 2 3 1 7 0.066
19 6 3 3 1 7 0.0628
19 6 4 3 1 7 0.0611
19 6 5 3 1 7 0.0605
19 6 6 3 1 7 0.0605
19 6 7 3 1 7 0.0611
19 6 5 2 1 7 0.0607
19 6 5 3 1 7 0.0605
19 6 5 4 1 7 0.0608
19 6 5 5 1 7 0.0617
19 6 5 3 1 7 0.0605
19 6 5 3 2 7 0.0608
19 6 5 3 1 1 0.0697
19 6 5 3 1 2 0.0658
19 6 5 3 1 3 0.0632
19 6 5 3 1 4 0.062
19 6 5 3 1 5 0.0612
19 6 5 3 1 6 0.0608
19 6 5 3 1 7 0.0605
19 6 5 3 1 8 0.0603
19 6 5 3 1 9 0.0601
19 6 5 3 1 10 0.0599
19 6 5 3 1 7 0.0605
19 6 5 3 1 7 0.0605
19 6 5 3 1 7 0.0605
