0.9073 0.2262
0.1541 0.8046
0.1606 0.7991
0.1379 0.8242
0.214 0.813
0.1215 0.8467
0.16 0.8431
0.1179 0.8526
0.1201 0.8507
0.1173 0.8565
0.1344 0.8575
0.1193 0.8606
0.1241 0.8612
0.1322 0.8619
0.2154 0.8258
0.1428 0.8564
0.1717 0.8469
0.1291 0.8606
0.1718 0.8474
0.1128 0.8653
0.1081 0.8642
0.1221 0.866
0.1132 0.8675
0.1079 0.8671
0.1172 0.8674
0.1048 0.8656
0.119 0.8667
0.114 0.8675
0.122 0.8673
0.1052 0.8676
0.1213 0.8683
0.108 0.8692
0.1134 0.8692
0.1177 0.8688
0.1157 0.8695
0.1201 0.869
0.1157 0.8698
0.1137 0.8698
0.113 0.8702
0.1179 0.8693
0.1156 0.87
0.1094 0.868
0.1277 0.8533
0.1462 0.8346
0.2198 0.7439
0.1132 0.8582
0.1516 0.8405
0.1314 0.8249
0.127 0.8278
0.1125 0.8487
0.129 0.8529
0.1166 0.8568
0.1114 0.8539
0.1184 0.8461
0.1196 0.8589
0.1037 0.8599
0.1148 0.8638
0.1637 0.848
0.1309 0.8606
0.1303 0.8568
0.1134 0.8581
0.1227 0.8576
0.1114 0.8606
0.1088 0.8627
0.1139 0.8628
0.1074 0.8631
0.1193 0.8628
0.1043 0.8637
0.1024 0.8635
0.1147 0.8642
0.1182 0.8637
0.1021 0.8609
0.1098 0.8642
0.1068 0.865
0.1117 0.8649
0.1193 0.8641
0.1035 0.8655
0.1035 0.8653
0.1041 0.865
0.1011 0.8617
0.1017 0.8639
0.1012 0.8641
